$ANSIBLE_VAULT;1.1;AES256
62313065326663396433613439636263383639633735313633643939363362386163353635383461
6239663536656634343333623233636139336562363063640a326130613064626561303665306534
36663237323338343765373765616664303864323965396333333238363564316130653464643266
3137383534376261640a323035656265623732623439323561393265623039613962313030653235
36343861643538383435343336616237383866303831613737343530636432373961356334613434
36376635636139626131656463643232616337373465393565616163306530303437323435376463
37623132343938393663363263636338323035313164313966633639333838326161336239383731
37623034323234326662393764353037376164333735376464346534396163313136303937353739
31663066333366343831343035363763646336363731356264633134353830366336633733383166
63393338653064393331366165373638656530383533346563613137346631376233376530366239
61633737626265366130333537393430323730373765613266346138306164393166643436303331
62366130336131346566613637373837386639336434356662363933393565343832383639393232
63316561363131643335366637633161633262656432643462343837323033323232343939336131
63393531336532343939323833306331386532343834623362336432306361643261666661616663
63613031643930613139386630386438313032303134303763633737633163346635333535353439
62373564383630663937343937316232646136353266383333323532336236363961353462643462
31353963613832396266626131323937666462626533396339643832393365653835
