$ANSIBLE_VAULT;1.1;AES256
38643463323538316263306236666432376439373964383035636135323134636264386435306433
3130656164343830373966353233653035333463376430360a393132356566643439373539663530
65356330363339616330326664613233626336636234353165343437336164373664626563386539
3635663430363639660a396539323231626136306231363532663333636166383263386365373862
30636338623630303664333635333936626235313065356562363666303662636535393934633061
33313839613733666438633865323035333238333538656339343461653535313237646233323235
64613633326332393138616564633966616338333065313334356462653432626137396435656336
35393066653065636635613237383761626263333831643036666234333361323333636638323337
35356532653938363933323938656536363766366165336232643734373639633936383864393937
62306364363934633535613164633461616463636131386365666666663839633034616332656130
61313432616661653432616236616436666131333862363466363833643031306362636533613134
64616161323734333036313962636661626435376362613730643062376163333230623130653632
63313831643935353038643762316666376533633738323638656339376338366465356664383433
33373037373333613337333337666231656235333135343036366133646237306532633164333139
38316335396132636438346539383763663139343531656539353231373064353430373238393962
38333636663461363436363930353132383634383936623438386438376666663834363865333563
3065
